RECT 40 20 60 100 ;
RECT 20 110 30 120 ;
RECT 80 70 120 120 ;
RECT 0 220 20 480 ;
RECT 20 190 30 480 ;
RECT 30 210 50 480 ;
RECT 50 210 60 260 ;
RECT 60 190 110 260 ;
RECT 110 160 120 390 ;
RECT 120 360 140 390 ;
RECT 120 160 160 340 ;
RECT 160 160 300 360 ;
RECT 160 10 180 120 ;
RECT 180 10 320 110 ;
RECT 320 20 430 110 ;
RECT 430 70 490 110 ;
RECT 490 70 570 120 ;
RECT 310 110 430 120 ;
RECT 110 520 260 540 ;
RECT 260 520 550 570 ;
RECT 500 500 560 520 ;
RECT 640 110 700 120 ;
RECT 700 60 890 120 ;
RECT 890 30 940 120 ;
RECT 940 30 960 480 ;
RECT 960 390 970 480 ;
RECT 960 30 990 380 ;
RECT 740 520 930 580 ;
RECT 930 500 940 580 ;
RECT 940 490 960 580 ;
RECT 780 500 800 520 ;
