OPERATION M1 C1 M2 C2 M3 C3 M4 C4 M5 C5 M6 C6 M7 C7 SO ;

DATA MERGE M1 ;
POLYGON 380 60 380 120 910 120 910 60 380 60 ;
POLYGON 300 280 300 440 880 440 880 280 300 280 ;
POLYGON 80 0 80 270 220 270 220 0 80 0 ;
POLYGON 580 280 580 310 650 310 650 280 580 280 ;
POLYGON 150 90 150 300 200 300 200 90 150 90 ;
END DATA

DATA CLIPPER C1 ;
POLYGON 530 350 530 500 870 500 870 350 530 350 ;
POLYGON 590 300 590 530 840 530 840 300 590 300 ;
POLYGON 110 440 110 590 140 590 140 440 110 440 ;
POLYGON 520 20 520 110 640 110 640 20 520 20 ;
POLYGON 350 260 350 330 620 330 620 260 350 260 ;
END DATA

DATA MERGE M2 ;
POLYGON 570 170 570 460 660 460 660 170 570 170 ;
POLYGON 230 260 230 470 320 470 320 260 230 260 ;
POLYGON 220 280 220 400 950 400 950 280 220 280 ;
POLYGON 240 30 240 480 290 480 290 30 240 30 ;
POLYGON 670 40 670 320 700 320 700 40 670 40 ;
END DATA

DATA CLIPPER C2 ;
POLYGON 530 120 530 300 620 300 620 120 530 120 ;
POLYGON 100 20 100 40 570 40 570 20 100 20 ;
POLYGON 50 210 50 220 640 220 640 210 50 210 ;
POLYGON 560 100 560 470 940 470 940 100 560 100 ;
POLYGON 90 460 90 510 650 510 650 460 90 460 ;
END DATA

DATA MERGE M3 ;
POLYGON 340 10 340 60 900 60 900 10 340 10 ;
POLYGON 130 40 130 210 920 210 920 40 130 40 ;
POLYGON 500 200 500 210 620 210 620 200 500 200 ;
POLYGON 80 180 80 490 300 490 300 180 80 180 ;
POLYGON 760 30 760 270 880 270 880 30 760 30 ;
END DATA

DATA CLIPPER C3 ;
POLYGON 150 40 150 240 980 240 980 40 150 40 ;
POLYGON 400 20 400 550 880 550 880 20 400 20 ;
POLYGON 0 30 0 330 770 330 770 30 0 30 ;
POLYGON 570 420 570 460 910 460 910 420 570 420 ;
POLYGON 40 250 40 560 860 560 860 250 40 250 ;
END DATA

DATA MERGE M4 ;
POLYGON 300 20 300 460 750 460 750 20 300 20 ;
POLYGON 20 100 20 270 440 270 440 100 20 100 ;
POLYGON 100 460 100 540 300 540 300 460 100 460 ;
POLYGON 600 130 600 260 640 260 640 130 600 130 ;
POLYGON 660 90 660 540 840 540 840 90 660 90 ;
END DATA

DATA CLIPPER C4 ;
POLYGON 60 360 60 460 970 460 970 360 60 360 ;
POLYGON 270 210 270 490 360 490 360 210 270 210 ;
POLYGON 80 50 80 330 560 330 560 50 80 50 ;
POLYGON 520 120 520 420 940 420 940 120 520 120 ;
POLYGON 140 360 140 410 550 410 550 360 140 360 ;
END DATA

DATA MERGE M5 ;
POLYGON 0 530 0 540 880 540 880 530 0 530 ;
POLYGON 360 310 360 350 900 350 900 310 360 310 ;
POLYGON 380 200 380 300 610 300 610 200 380 200 ;
POLYGON 300 120 300 580 720 580 720 120 300 120 ;
POLYGON 90 350 90 520 920 520 920 350 90 350 ;
END DATA

DATA CLIPPER C5 ;
POLYGON 300 220 300 260 590 260 590 220 300 220 ;
POLYGON 730 70 730 450 870 450 870 70 730 70 ;
POLYGON 290 30 290 400 770 400 770 30 290 30 ;
POLYGON 460 270 460 300 980 300 980 270 460 270 ;
POLYGON 630 200 630 330 860 330 860 200 630 200 ;
END DATA

DATA MERGE M6 ;
POLYGON 780 280 780 450 850 450 850 280 780 280 ;
POLYGON 510 420 510 570 560 570 560 420 510 420 ;
POLYGON 370 410 370 520 890 520 890 410 370 410 ;
POLYGON 660 160 660 420 960 420 960 160 660 160 ;
POLYGON 330 410 330 470 620 470 620 410 330 410 ;
END DATA

DATA CLIPPER C6 ;
POLYGON 160 210 160 450 760 450 760 210 160 210 ;
POLYGON 300 230 300 240 560 240 560 230 300 230 ;
POLYGON 330 10 330 200 770 200 770 10 330 10 ;
POLYGON 20 380 20 420 580 420 580 380 20 380 ;
POLYGON 450 170 450 380 830 380 830 170 450 170 ;
END DATA

DATA MERGE M7 ;
POLYGON 30 110 30 420 930 420 930 110 30 110 ;
POLYGON 270 210 270 220 480 220 480 210 270 210 ;
POLYGON 30 400 30 580 690 580 690 400 30 400 ;
POLYGON 480 90 480 110 990 110 990 90 480 90 ;
POLYGON 130 80 130 190 900 190 900 80 130 80 ;
END DATA

DATA CLIPPER C7 ;
POLYGON 260 290 260 430 360 430 360 290 260 290 ;
POLYGON 350 340 350 590 660 590 660 340 350 340 ;
POLYGON 330 160 330 560 520 560 520 160 330 160 ;
POLYGON 470 110 470 470 850 470 850 110 470 110 ;
POLYGON 460 220 460 240 710 240 710 220 460 220 ;
END DATA

