OPERATION M1 C1 M2 C2 M3 C3 M4 C4 M5 C5 M6 C6 M7 C7 M8 C8 M9 C9 M10 C10 SO ;

DATA MERGE M1 ;
POLYGON 650 390 650 540 810 540 810 390 650 390 ;
POLYGON 50 10 50 550 570 550 570 10 50 10 ;
POLYGON 200 90 200 510 970 510 970 90 200 90 ;
POLYGON 290 30 290 290 350 290 350 30 290 30 ;
POLYGON 240 40 240 570 810 570 810 40 240 40 ;
END DATA

DATA CLIPPER C1 ;
POLYGON 480 490 480 570 650 570 650 490 480 490 ;
POLYGON 10 300 10 410 700 410 700 300 10 300 ;
POLYGON 290 40 290 80 500 80 500 40 290 40 ;
POLYGON 230 20 230 210 840 210 840 20 230 20 ;
POLYGON 390 100 390 370 510 370 510 100 390 100 ;
END DATA

DATA MERGE M2 ;
POLYGON 210 70 210 290 290 290 290 70 210 70 ;
POLYGON 250 170 250 270 270 270 270 170 250 170 ;
POLYGON 200 210 200 460 870 460 870 210 200 210 ;
POLYGON 60 220 60 520 370 520 370 220 60 220 ;
POLYGON 430 380 430 500 920 500 920 380 430 380 ;
END DATA

DATA CLIPPER C2 ;
POLYGON 750 270 750 400 830 400 830 270 750 270 ;
POLYGON 470 350 470 560 720 560 720 350 470 350 ;
POLYGON 50 10 50 360 440 360 440 10 50 10 ;
POLYGON 170 10 170 380 360 380 360 10 170 10 ;
POLYGON 530 300 530 390 840 390 840 300 530 300 ;
END DATA

DATA MERGE M3 ;
POLYGON 90 130 90 230 800 230 800 130 90 130 ;
POLYGON 590 220 590 490 710 490 710 220 590 220 ;
POLYGON 70 450 70 460 850 460 850 450 70 450 ;
POLYGON 170 50 170 330 420 330 420 50 170 50 ;
POLYGON 620 50 620 350 630 350 630 50 620 50 ;
END DATA

DATA CLIPPER C3 ;
POLYGON 90 30 90 460 160 460 160 30 90 30 ;
POLYGON 40 200 40 440 310 440 310 200 40 200 ;
POLYGON 360 280 360 590 680 590 680 280 360 280 ;
POLYGON 70 220 70 390 760 390 760 220 70 220 ;
POLYGON 50 50 50 360 590 360 590 50 50 50 ;
END DATA

DATA MERGE M4 ;
POLYGON 550 10 550 210 640 210 640 10 550 10 ;
POLYGON 40 260 40 580 590 580 590 260 40 260 ;
POLYGON 140 410 140 440 250 440 250 410 140 410 ;
POLYGON 350 200 350 320 660 320 660 200 350 200 ;
POLYGON 120 10 120 250 640 250 640 10 120 10 ;
END DATA

DATA CLIPPER C4 ;
POLYGON 430 290 430 500 460 500 460 290 430 290 ;
POLYGON 560 160 560 520 990 520 990 160 560 160 ;
POLYGON 270 20 270 70 910 70 910 20 270 20 ;
POLYGON 660 40 660 390 990 390 990 40 660 40 ;
POLYGON 110 10 110 50 620 50 620 10 110 10 ;
END DATA

DATA MERGE M5 ;
POLYGON 110 190 110 420 160 420 160 190 110 190 ;
POLYGON 40 80 40 510 580 510 580 80 40 80 ;
POLYGON 180 60 180 160 990 160 990 60 180 60 ;
POLYGON 100 90 100 470 590 470 590 90 100 90 ;
POLYGON 330 520 330 540 440 540 440 520 330 520 ;
END DATA

DATA CLIPPER C5 ;
POLYGON 50 250 50 270 710 270 710 250 50 250 ;
POLYGON 160 30 160 160 410 160 410 30 160 30 ;
POLYGON 730 510 730 590 760 590 760 510 730 510 ;
POLYGON 400 350 400 550 470 550 470 350 400 350 ;
POLYGON 850 40 850 60 920 60 920 40 850 40 ;
END DATA

DATA MERGE M6 ;
POLYGON 330 250 330 510 950 510 950 250 330 250 ;
POLYGON 350 330 350 380 580 380 580 330 350 330 ;
POLYGON 610 190 610 450 750 450 750 190 610 190 ;
POLYGON 80 180 80 440 90 440 90 180 80 180 ;
POLYGON 130 110 130 280 790 280 790 110 130 110 ;
END DATA

DATA CLIPPER C6 ;
POLYGON 50 280 50 390 530 390 530 280 50 280 ;
POLYGON 540 0 540 170 800 170 800 0 540 0 ;
POLYGON 140 180 140 360 410 360 410 180 140 180 ;
POLYGON 800 340 800 350 990 350 990 340 800 340 ;
POLYGON 640 460 640 490 830 490 830 460 640 460 ;
END DATA

DATA MERGE M7 ;
POLYGON 700 250 700 560 750 560 750 250 700 250 ;
POLYGON 130 120 130 260 710 260 710 120 130 120 ;
POLYGON 220 40 220 120 630 120 630 40 220 40 ;
POLYGON 170 190 170 580 310 580 310 190 170 190 ;
POLYGON 120 400 120 510 790 510 790 400 120 400 ;
END DATA

DATA CLIPPER C7 ;
POLYGON 10 100 10 210 180 210 180 100 10 100 ;
POLYGON 10 450 10 540 190 540 190 450 10 450 ;
POLYGON 320 70 320 400 810 400 810 70 320 70 ;
POLYGON 70 90 70 380 630 380 630 90 70 90 ;
POLYGON 850 250 850 530 970 530 970 250 850 250 ;
END DATA

DATA MERGE M8 ;
POLYGON 550 150 550 530 620 530 620 150 550 150 ;
POLYGON 160 250 160 520 180 520 180 250 160 250 ;
POLYGON 390 290 390 580 450 580 450 290 390 290 ;
POLYGON 370 250 370 300 420 300 420 250 370 250 ;
POLYGON 250 140 250 470 690 470 690 140 250 140 ;
END DATA

DATA CLIPPER C8 ;
POLYGON 90 130 90 150 180 150 180 130 90 130 ;
POLYGON 120 270 120 410 710 410 710 270 120 270 ;
POLYGON 320 400 320 450 350 450 350 400 320 400 ;
POLYGON 30 120 30 210 970 210 970 120 30 120 ;
POLYGON 70 440 70 490 200 490 200 440 70 440 ;
END DATA

DATA MERGE M9 ;
POLYGON 80 380 80 590 530 590 530 380 80 380 ;
POLYGON 650 110 650 270 900 270 900 110 650 110 ;
POLYGON 480 230 480 240 810 240 810 230 480 230 ;
POLYGON 310 270 310 540 720 540 720 270 310 270 ;
POLYGON 190 380 190 580 390 580 390 380 190 380 ;
END DATA

DATA CLIPPER C9 ;
POLYGON 760 230 760 290 970 290 970 230 760 230 ;
POLYGON 310 290 310 350 750 350 750 290 310 290 ;
POLYGON 300 30 300 320 310 320 310 30 300 30 ;
POLYGON 240 260 240 590 800 590 800 260 240 260 ;
POLYGON 410 180 410 410 950 410 950 180 410 180 ;
END DATA

DATA MERGE M10 ;
POLYGON 140 90 140 430 430 430 430 90 140 90 ;
POLYGON 210 290 210 590 630 590 630 290 210 290 ;
POLYGON 40 40 40 480 660 480 660 40 40 40 ;
POLYGON 540 10 540 440 900 440 900 10 540 10 ;
POLYGON 50 40 50 200 540 200 540 40 50 40 ;
END DATA

DATA CLIPPER C10 ;
POLYGON 490 210 490 220 800 220 800 210 490 210 ;
POLYGON 280 450 280 590 590 590 590 450 280 450 ;
POLYGON 70 40 70 360 210 360 210 40 70 40 ;
POLYGON 40 400 40 440 660 440 660 400 40 400 ;
POLYGON 170 210 170 390 630 390 630 210 170 210 ;
END DATA

