OPERATION M1 C1 M2 C2 M3 C3 M4 C4 M5 C5 M6 C6 M7 C7 M8 C8 M9 C9 M10 C10 SO ;

DATA MERGE M1 ;
POLYGON 420 310 420 320 450 320 450 310 420 310 ;
POLYGON 450 0 450 320 500 320 500 0 450 0 ;
POLYGON 260 40 260 270 780 270 780 40 260 40 ;
POLYGON 110 160 110 530 660 530 660 160 110 160 ;
POLYGON 390 230 390 410 920 410 920 230 390 230 ;
END DATA

DATA CLIPPER C1 ;
POLYGON 640 550 640 570 680 570 680 550 640 550 ;
POLYGON 340 340 340 390 790 390 790 340 340 340 ;
POLYGON 110 50 110 160 750 160 750 50 110 50 ;
POLYGON 150 230 150 560 590 560 590 230 150 230 ;
POLYGON 630 220 630 500 750 500 750 220 630 220 ;
END DATA

DATA MERGE M2 ;
POLYGON 110 40 110 520 810 520 810 40 110 40 ;
POLYGON 120 90 120 570 590 570 590 90 120 90 ;
POLYGON 190 530 190 590 750 590 750 530 190 530 ;
POLYGON 450 280 450 290 630 290 630 280 450 280 ;
POLYGON 740 80 740 170 760 170 760 80 740 80 ;
END DATA

DATA CLIPPER C2 ;
POLYGON 480 360 480 370 840 370 840 360 480 360 ;
POLYGON 460 250 460 330 620 330 620 250 460 250 ;
POLYGON 140 150 140 340 470 340 470 150 140 150 ;
POLYGON 10 160 10 450 100 450 100 160 10 160 ;
POLYGON 240 280 240 350 400 350 400 280 240 280 ;
END DATA

DATA MERGE M3 ;
POLYGON 200 20 200 590 510 590 510 20 200 20 ;
POLYGON 50 180 50 460 760 460 760 180 50 180 ;
POLYGON 670 390 670 530 870 530 870 390 670 390 ;
POLYGON 270 440 270 550 300 550 300 440 270 440 ;
POLYGON 380 270 380 430 960 430 960 270 380 270 ;
END DATA

DATA CLIPPER C3 ;
POLYGON 410 190 410 230 960 230 960 190 410 190 ;
POLYGON 730 210 730 480 980 480 980 210 730 210 ;
POLYGON 270 10 270 450 680 450 680 10 270 10 ;
POLYGON 190 200 190 540 890 540 890 200 190 200 ;
POLYGON 220 290 220 380 410 380 410 290 220 290 ;
END DATA

DATA MERGE M4 ;
POLYGON 440 220 440 430 840 430 840 220 440 220 ;
POLYGON 330 150 330 340 580 340 580 150 330 150 ;
POLYGON 60 230 60 260 70 260 70 230 60 230 ;
POLYGON 380 240 380 460 760 460 760 240 380 240 ;
POLYGON 620 170 620 440 870 440 870 170 620 170 ;
END DATA

DATA CLIPPER C4 ;
POLYGON 720 40 720 590 960 590 960 40 720 40 ;
POLYGON 260 380 260 440 310 440 310 380 260 380 ;
POLYGON 120 390 120 470 670 470 670 390 120 390 ;
POLYGON 360 270 360 380 400 380 400 270 360 270 ;
POLYGON 420 370 420 450 870 450 870 370 420 370 ;
END DATA

DATA MERGE M5 ;
POLYGON 410 170 410 220 660 220 660 170 410 170 ;
POLYGON 10 50 10 270 70 270 70 50 10 50 ;
POLYGON 70 40 70 50 890 50 890 40 70 40 ;
POLYGON 850 220 850 570 880 570 880 220 850 220 ;
POLYGON 510 530 510 580 710 580 710 530 510 530 ;
END DATA

DATA CLIPPER C5 ;
POLYGON 820 210 820 490 920 490 920 210 820 210 ;
POLYGON 280 310 280 340 570 340 570 310 280 310 ;
POLYGON 610 210 610 370 890 370 890 210 610 210 ;
POLYGON 470 250 470 450 900 450 900 250 470 250 ;
POLYGON 100 0 100 200 210 200 210 0 100 0 ;
END DATA

DATA MERGE M6 ;
POLYGON 420 180 420 190 980 190 980 180 420 180 ;
POLYGON 420 330 420 430 860 430 860 330 420 330 ;
POLYGON 140 460 140 500 700 500 700 460 140 460 ;
POLYGON 0 360 0 420 90 420 90 360 0 360 ;
POLYGON 100 100 100 490 170 490 170 100 100 100 ;
END DATA

DATA CLIPPER C6 ;
POLYGON 740 310 740 400 980 400 980 310 740 310 ;
POLYGON 470 230 470 300 960 300 960 230 470 230 ;
POLYGON 520 20 520 420 680 420 680 20 520 20 ;
POLYGON 350 140 350 320 520 320 520 140 350 140 ;
POLYGON 110 220 110 300 900 300 900 220 110 220 ;
END DATA

DATA MERGE M7 ;
POLYGON 240 30 240 140 980 140 980 30 240 30 ;
POLYGON 270 130 270 350 930 350 930 130 270 130 ;
POLYGON 40 540 40 590 710 590 710 540 40 540 ;
POLYGON 400 180 400 450 500 450 500 180 400 180 ;
POLYGON 20 240 20 310 200 310 200 240 20 240 ;
END DATA

DATA CLIPPER C7 ;
POLYGON 160 190 160 580 600 580 600 190 160 190 ;
POLYGON 260 260 260 490 780 490 780 260 260 260 ;
POLYGON 240 20 240 320 370 320 370 20 240 20 ;
POLYGON 430 290 430 540 500 540 500 290 430 290 ;
POLYGON 240 150 240 560 570 560 570 150 240 150 ;
END DATA

DATA MERGE M8 ;
POLYGON 270 120 270 550 530 550 530 120 270 120 ;
POLYGON 730 270 730 320 980 320 980 270 730 270 ;
POLYGON 700 160 700 270 740 270 740 160 700 160 ;
POLYGON 280 470 280 570 600 570 600 470 280 470 ;
POLYGON 360 340 360 420 710 420 710 340 360 340 ;
END DATA

DATA CLIPPER C8 ;
POLYGON 730 0 730 390 880 390 880 0 730 0 ;
POLYGON 400 180 400 470 430 470 430 180 400 180 ;
POLYGON 50 20 50 120 320 120 320 20 50 20 ;
POLYGON 30 170 30 560 160 560 160 170 30 170 ;
POLYGON 320 10 320 360 980 360 980 10 320 10 ;
END DATA

DATA MERGE M9 ;
POLYGON 260 120 260 280 460 280 460 120 260 120 ;
POLYGON 290 40 290 90 530 90 530 40 290 40 ;
POLYGON 230 480 230 540 610 540 610 480 230 480 ;
POLYGON 670 150 670 170 870 170 870 150 670 150 ;
POLYGON 80 70 80 480 150 480 150 70 80 70 ;
END DATA

DATA CLIPPER C9 ;
POLYGON 370 430 370 470 620 470 620 430 370 430 ;
POLYGON 210 130 210 400 420 400 420 130 210 130 ;
POLYGON 390 150 390 160 570 160 570 150 390 150 ;
POLYGON 100 30 100 580 180 580 180 30 100 30 ;
POLYGON 530 540 530 580 820 580 820 540 530 540 ;
END DATA

DATA MERGE M10 ;
POLYGON 680 150 680 530 740 530 740 150 680 150 ;
POLYGON 80 140 80 470 950 470 950 140 80 140 ;
POLYGON 200 50 200 440 300 440 300 50 200 50 ;
POLYGON 500 50 500 250 610 250 610 50 500 50 ;
POLYGON 230 50 230 60 280 60 280 50 230 50 ;
END DATA

DATA CLIPPER C10 ;
POLYGON 100 170 100 530 270 530 270 170 100 170 ;
POLYGON 750 10 750 560 760 560 760 10 750 10 ;
POLYGON 370 260 370 420 380 420 380 260 370 260 ;
POLYGON 460 530 460 540 630 540 630 530 460 530 ;
POLYGON 300 20 300 190 930 190 930 20 300 20 ;
END DATA

