RECT 10 400 130 430 ;
RECT 120 450 130 580 ;
RECT 130 400 420 580 ;
RECT 420 550 810 580 ;
RECT 20 350 30 400 ;
RECT 30 290 80 400 ;
RECT 20 480 30 500 ;
RECT 30 430 120 500 ;
RECT 30 80 80 180 ;
RECT 80 40 130 160 ;
RECT 130 30 350 40 ;
RECT 130 110 350 120 ;
RECT 220 120 240 160 ;
RECT 350 20 430 160 ;
RECT 640 130 670 160 ;
RECT 790 130 850 160 ;
RECT 850 130 870 240 ;
RECT 870 130 920 280 ;
RECT 900 530 920 550 ;
RECT 900 30 930 40 ;
RECT 920 130 930 550 ;
RECT 930 30 960 550 ;
RECT 960 30 990 140 ;
RECT 960 170 970 440 ;
RECT 960 450 970 510 ;
RECT 970 340 990 510 ;
RECT 740 400 810 440 ;
