OPERATION M1 C1 M2 C2 M3 C3 M4 C4 M5 C5 M6 C6 M7 C7 M8 C8 M9 C9 M10 C10 SO ;

DATA MERGE M1 ;
POLYGON 210 140 210 210 520 210 520 140 210 140 ;
POLYGON 790 210 790 350 960 350 960 210 790 210 ;
POLYGON 850 40 850 110 860 110 860 40 850 40 ;
POLYGON 420 60 420 560 880 560 880 60 420 60 ;
POLYGON 250 10 250 110 400 110 400 10 250 10 ;
END DATA

DATA CLIPPER C1 ;
POLYGON 120 0 120 500 680 500 680 0 120 0 ;
POLYGON 600 150 600 520 750 520 750 150 600 150 ;
POLYGON 740 420 740 580 890 580 890 420 740 420 ;
POLYGON 150 0 150 410 640 410 640 0 150 0 ;
POLYGON 830 90 830 270 930 270 930 90 830 90 ;
END DATA

DATA MERGE M2 ;
POLYGON 580 50 580 80 900 80 900 50 580 50 ;
POLYGON 370 300 370 400 870 400 870 300 370 300 ;
POLYGON 220 210 220 270 420 270 420 210 220 210 ;
POLYGON 660 170 660 240 860 240 860 170 660 170 ;
POLYGON 280 40 280 580 380 580 380 40 280 40 ;
END DATA

DATA CLIPPER C2 ;
POLYGON 350 450 350 570 380 570 380 450 350 450 ;
POLYGON 440 100 440 470 880 470 880 100 440 100 ;
POLYGON 460 90 460 210 590 210 590 90 460 90 ;
POLYGON 110 90 110 250 790 250 790 90 110 90 ;
POLYGON 820 70 820 580 960 580 960 70 820 70 ;
END DATA

DATA MERGE M3 ;
POLYGON 40 20 40 120 720 120 720 20 40 20 ;
POLYGON 580 520 580 570 910 570 910 520 580 520 ;
POLYGON 120 410 120 540 330 540 330 410 120 410 ;
POLYGON 470 150 470 580 830 580 830 150 470 150 ;
POLYGON 490 340 490 370 840 370 840 340 490 340 ;
END DATA

DATA CLIPPER C3 ;
POLYGON 60 40 60 210 430 210 430 40 60 40 ;
POLYGON 360 180 360 250 810 250 810 180 360 180 ;
POLYGON 840 220 840 390 850 390 850 220 840 220 ;
POLYGON 380 90 380 530 580 530 580 90 380 90 ;
POLYGON 320 60 320 240 400 240 400 60 320 60 ;
END DATA

DATA MERGE M4 ;
POLYGON 390 130 390 350 570 350 570 130 390 130 ;
POLYGON 710 340 710 410 920 410 920 340 710 340 ;
POLYGON 120 180 120 280 540 280 540 180 120 180 ;
POLYGON 320 250 320 570 880 570 880 250 320 250 ;
POLYGON 20 110 20 270 860 270 860 110 20 110 ;
END DATA

DATA CLIPPER C4 ;
POLYGON 60 10 60 180 470 180 470 10 60 10 ;
POLYGON 10 380 10 460 30 460 30 380 10 380 ;
POLYGON 30 100 30 410 60 410 60 100 30 100 ;
POLYGON 790 60 790 90 940 90 940 60 790 60 ;
POLYGON 100 110 100 440 560 440 560 110 100 110 ;
END DATA

DATA MERGE M5 ;
POLYGON 800 80 800 470 830 470 830 80 800 80 ;
POLYGON 210 30 210 130 740 130 740 30 210 30 ;
POLYGON 310 140 310 200 810 200 810 140 310 140 ;
POLYGON 600 200 600 420 670 420 670 200 600 200 ;
POLYGON 390 160 390 580 960 580 960 160 390 160 ;
END DATA

DATA CLIPPER C5 ;
POLYGON 80 350 80 360 660 360 660 350 80 350 ;
POLYGON 400 30 400 220 740 220 740 30 400 30 ;
POLYGON 550 130 550 570 810 570 810 130 550 130 ;
POLYGON 680 290 680 400 790 400 790 290 680 290 ;
POLYGON 980 220 980 530 990 530 990 220 980 220 ;
END DATA

DATA MERGE M6 ;
POLYGON 410 390 410 490 760 490 760 390 410 390 ;
POLYGON 20 210 20 400 570 400 570 210 20 210 ;
POLYGON 150 10 150 270 640 270 640 10 150 10 ;
POLYGON 830 340 830 480 960 480 960 340 830 340 ;
POLYGON 770 190 770 460 800 460 800 190 770 190 ;
END DATA

DATA CLIPPER C6 ;
POLYGON 200 200 200 410 720 410 720 200 200 200 ;
POLYGON 250 390 250 460 530 460 530 390 250 390 ;
POLYGON 640 270 640 310 680 310 680 270 640 270 ;
POLYGON 510 140 510 290 710 290 710 140 510 140 ;
POLYGON 140 90 140 220 770 220 770 90 140 90 ;
END DATA

DATA MERGE M7 ;
POLYGON 800 110 800 550 880 550 880 110 800 110 ;
POLYGON 740 250 740 570 850 570 850 250 740 250 ;
POLYGON 210 430 210 480 490 480 490 430 210 430 ;
POLYGON 330 170 330 410 670 410 670 170 330 170 ;
POLYGON 630 20 630 40 850 40 850 20 630 20 ;
END DATA

DATA CLIPPER C7 ;
POLYGON 550 190 550 230 600 230 600 190 550 190 ;
POLYGON 20 350 20 570 300 570 300 350 20 350 ;
POLYGON 320 0 320 520 910 520 910 0 320 0 ;
POLYGON 350 150 350 580 660 580 660 150 350 150 ;
POLYGON 150 180 150 380 400 380 400 180 150 180 ;
END DATA

DATA MERGE M8 ;
POLYGON 80 70 80 210 570 210 570 70 80 70 ;
POLYGON 0 220 0 480 800 480 800 220 0 220 ;
POLYGON 600 450 600 460 890 460 890 450 600 450 ;
POLYGON 260 520 260 580 410 580 410 520 260 520 ;
POLYGON 40 220 40 430 220 430 220 220 40 220 ;
END DATA

DATA CLIPPER C8 ;
POLYGON 690 450 690 490 980 490 980 450 690 450 ;
POLYGON 120 10 120 470 160 470 160 10 120 10 ;
POLYGON 240 150 240 380 710 380 710 150 240 150 ;
POLYGON 760 10 760 200 850 200 850 10 760 10 ;
POLYGON 180 110 180 120 490 120 490 110 180 110 ;
END DATA

DATA MERGE M9 ;
POLYGON 190 210 190 250 250 250 250 210 190 210 ;
POLYGON 310 20 310 290 430 290 430 20 310 20 ;
POLYGON 640 390 640 480 970 480 970 390 640 390 ;
POLYGON 190 290 190 420 510 420 510 290 190 290 ;
POLYGON 80 360 80 540 460 540 460 360 80 360 ;
END DATA

DATA CLIPPER C9 ;
POLYGON 60 430 60 520 870 520 870 430 60 430 ;
POLYGON 10 120 10 190 560 190 560 120 10 120 ;
POLYGON 140 360 140 520 930 520 930 360 140 360 ;
POLYGON 50 260 50 540 110 540 110 260 50 260 ;
POLYGON 110 390 110 450 930 450 930 390 110 390 ;
END DATA

DATA MERGE M10 ;
POLYGON 780 330 780 550 800 550 800 330 780 330 ;
POLYGON 500 140 500 520 560 520 560 140 500 140 ;
POLYGON 110 160 110 340 730 340 730 160 110 160 ;
POLYGON 640 110 640 420 760 420 760 110 640 110 ;
POLYGON 700 30 700 380 990 380 990 30 700 30 ;
END DATA

DATA CLIPPER C10 ;
POLYGON 50 570 50 590 740 590 740 570 50 570 ;
POLYGON 630 30 630 60 890 60 890 30 630 30 ;
POLYGON 50 390 50 430 800 430 800 390 50 390 ;
POLYGON 300 120 300 500 940 500 940 120 300 120 ;
POLYGON 680 320 680 420 770 420 770 320 680 320 ;
END DATA

