OPERATION M1 C1 M2 C2 M3 C3 M4 C4 M5 C5 M6 C6 M7 C7 M8 C8 M9 C9 M10 C10 SO ;

DATA MERGE M1 ;
POLYGON 270 30 270 520 760 520 760 30 270 30 ;
POLYGON 750 180 750 440 780 440 780 180 750 180 ;
POLYGON 650 0 650 60 710 60 710 0 650 0 ;
POLYGON 110 100 110 520 860 520 860 100 110 100 ;
POLYGON 770 50 770 190 960 190 960 50 770 50 ;
END DATA

DATA CLIPPER C1 ;
POLYGON 350 290 350 480 740 480 740 290 350 290 ;
POLYGON 30 0 30 470 740 470 740 0 30 0 ;
POLYGON 260 460 260 550 400 550 400 460 260 460 ;
POLYGON 120 60 120 430 980 430 980 60 120 60 ;
POLYGON 250 330 250 350 400 350 400 330 250 330 ;
END DATA

DATA MERGE M2 ;
POLYGON 360 40 360 560 490 560 490 40 360 40 ;
POLYGON 180 120 180 500 260 500 260 120 180 120 ;
POLYGON 60 10 60 290 110 290 110 10 60 10 ;
POLYGON 30 230 30 390 210 390 210 230 30 230 ;
POLYGON 460 60 460 450 770 450 770 60 460 60 ;
END DATA

DATA CLIPPER C2 ;
POLYGON 450 410 450 480 820 480 820 410 450 410 ;
POLYGON 100 380 100 440 230 440 230 380 100 380 ;
POLYGON 50 100 50 310 490 310 490 100 50 100 ;
POLYGON 300 20 300 140 780 140 780 20 300 20 ;
POLYGON 300 330 300 480 820 480 820 330 300 330 ;
END DATA

DATA MERGE M3 ;
POLYGON 30 210 30 280 980 280 980 210 30 210 ;
POLYGON 70 10 70 350 940 350 940 10 70 10 ;
POLYGON 190 180 190 530 410 530 410 180 190 180 ;
POLYGON 270 500 270 520 300 520 300 500 270 500 ;
POLYGON 850 20 850 340 970 340 970 20 850 20 ;
END DATA

DATA CLIPPER C3 ;
POLYGON 140 130 140 180 460 180 460 130 140 130 ;
POLYGON 630 70 630 440 970 440 970 70 630 70 ;
POLYGON 920 100 920 510 930 510 930 100 920 100 ;
POLYGON 110 410 110 450 240 450 240 410 110 410 ;
POLYGON 360 540 360 550 590 550 590 540 360 540 ;
END DATA

DATA MERGE M4 ;
POLYGON 650 320 650 530 950 530 950 320 650 320 ;
POLYGON 220 140 220 220 840 220 840 140 220 140 ;
POLYGON 350 340 350 490 510 490 510 340 350 340 ;
POLYGON 0 240 0 460 870 460 870 240 0 240 ;
POLYGON 100 40 100 350 880 350 880 40 100 40 ;
END DATA

DATA CLIPPER C4 ;
POLYGON 470 360 470 510 760 510 760 360 470 360 ;
POLYGON 740 110 740 350 820 350 820 110 740 110 ;
POLYGON 380 50 380 470 550 470 550 50 380 50 ;
POLYGON 300 120 300 170 830 170 830 120 300 120 ;
POLYGON 380 180 380 250 600 250 600 180 380 180 ;
END DATA

DATA MERGE M5 ;
POLYGON 10 510 10 540 140 540 140 510 10 510 ;
POLYGON 460 120 460 460 830 460 830 120 460 120 ;
POLYGON 340 250 340 570 950 570 950 250 340 250 ;
POLYGON 280 330 280 340 290 340 290 330 280 330 ;
POLYGON 390 160 390 200 810 200 810 160 390 160 ;
END DATA

DATA CLIPPER C5 ;
POLYGON 620 220 620 310 750 310 750 220 620 220 ;
POLYGON 90 40 90 50 970 50 970 40 90 40 ;
POLYGON 90 130 90 200 930 200 930 130 90 130 ;
POLYGON 850 30 850 40 970 40 970 30 850 30 ;
POLYGON 140 220 140 340 740 340 740 220 140 220 ;
END DATA

DATA MERGE M6 ;
POLYGON 330 110 330 360 880 360 880 110 330 110 ;
POLYGON 700 170 700 520 800 520 800 170 700 170 ;
POLYGON 10 110 10 200 540 200 540 110 10 110 ;
POLYGON 170 0 170 460 720 460 720 0 170 0 ;
POLYGON 80 80 80 470 710 470 710 80 80 80 ;
END DATA

DATA CLIPPER C6 ;
POLYGON 450 380 450 520 830 520 830 380 450 380 ;
POLYGON 150 470 150 540 660 540 660 470 150 470 ;
POLYGON 570 540 570 580 720 580 720 540 570 540 ;
POLYGON 100 180 100 200 280 200 280 180 100 180 ;
POLYGON 170 10 170 160 490 160 490 10 170 10 ;
END DATA

DATA MERGE M7 ;
POLYGON 410 170 410 520 690 520 690 170 410 170 ;
POLYGON 250 230 250 410 730 410 730 230 250 230 ;
POLYGON 50 250 50 520 810 520 810 250 50 250 ;
POLYGON 210 340 210 500 510 500 510 340 210 340 ;
POLYGON 80 290 80 340 290 340 290 290 80 290 ;
END DATA

DATA CLIPPER C7 ;
POLYGON 480 370 480 510 960 510 960 370 480 370 ;
POLYGON 230 160 230 170 490 170 490 160 230 160 ;
POLYGON 750 120 750 460 790 460 790 120 750 120 ;
POLYGON 690 120 690 150 890 150 890 120 690 120 ;
POLYGON 490 260 490 430 980 430 980 260 490 260 ;
END DATA

DATA MERGE M8 ;
POLYGON 400 190 400 290 430 290 430 190 400 190 ;
POLYGON 190 0 190 520 400 520 400 0 190 0 ;
POLYGON 440 70 440 510 920 510 920 70 440 70 ;
POLYGON 70 210 70 390 940 390 940 210 70 210 ;
POLYGON 470 270 470 380 760 380 760 270 470 270 ;
END DATA

DATA CLIPPER C8 ;
POLYGON 260 10 260 240 350 240 350 10 260 10 ;
POLYGON 50 30 50 220 900 220 900 30 50 30 ;
POLYGON 80 350 80 430 230 430 230 350 80 350 ;
POLYGON 650 280 650 390 870 390 870 280 650 280 ;
POLYGON 80 480 80 550 380 550 380 480 80 480 ;
END DATA

DATA MERGE M9 ;
POLYGON 260 150 260 400 380 400 380 150 260 150 ;
POLYGON 110 100 110 550 130 550 130 100 110 100 ;
POLYGON 160 230 160 570 410 570 410 230 160 230 ;
POLYGON 10 130 10 420 150 420 150 130 10 130 ;
POLYGON 490 240 490 500 930 500 930 240 490 240 ;
END DATA

DATA CLIPPER C9 ;
POLYGON 100 410 100 460 890 460 890 410 100 410 ;
POLYGON 680 50 680 180 860 180 860 50 680 50 ;
POLYGON 130 180 130 590 810 590 810 180 130 180 ;
POLYGON 30 20 30 230 960 230 960 20 30 20 ;
POLYGON 700 230 700 450 950 450 950 230 700 230 ;
END DATA

DATA MERGE M10 ;
POLYGON 290 60 290 100 500 100 500 60 290 60 ;
POLYGON 130 230 130 530 890 530 890 230 130 230 ;
POLYGON 770 70 770 540 970 540 970 70 770 70 ;
POLYGON 910 330 910 360 960 360 960 330 910 330 ;
POLYGON 720 200 720 280 790 280 790 200 720 200 ;
END DATA

DATA CLIPPER C10 ;
POLYGON 140 120 140 370 160 370 160 120 140 120 ;
POLYGON 40 20 40 590 310 590 310 20 40 20 ;
POLYGON 460 10 460 210 510 210 510 10 460 10 ;
POLYGON 120 160 120 260 360 260 360 160 120 160 ;
POLYGON 210 180 210 230 770 230 770 180 210 180 ;
END DATA

