RECT 908 13 938 93 ;
RECT 762 196 859 297 ;
RECT 859 215 981 281 ;
RECT 868 112 913 215 ;
RECT 868 281 913 297 ;
RECT 762 88 859 123 ;
RECT 0 410 23 509 ;
RECT 23 463 25 509 ;
RECT 6 391 23 400 ;
RECT 382 463 385 474 ;
RECT 385 407 646 474 ;
RECT 453 474 485 581 ;
RECT 485 474 500 516 ;
RECT 599 474 611 477 ;
RECT 599 483 611 516 ;
RECT 611 474 621 516 ;
RECT 621 498 677 516 ;
RECT 677 498 762 581 ;
RECT 762 498 836 515 ;
RECT 868 456 913 535 ;
RECT 339 0 385 1 ;
RECT 385 0 452 27 ;
RECT 452 0 529 52 ;
RECT 529 0 613 14 ;
RECT 623 246 746 297 ;
