RECT 450 0 500 10 ;
RECT 850 490 880 570 ;
RECT 0 360 30 420 ;
RECT 10 50 50 270 ;
RECT 20 270 30 310 ;
RECT 40 560 100 590 ;
RECT 100 580 720 590 ;
RECT 50 120 70 460 ;
RECT 70 180 80 460 ;
RECT 80 70 100 480 ;
RECT 100 140 200 170 ;
RECT 200 50 270 170 ;
RECT 270 50 290 530 ;
RECT 290 40 300 530 ;
RECT 300 190 370 530 ;
RECT 370 190 380 260 ;
RECT 370 420 380 530 ;
RECT 380 190 600 530 ;
RECT 600 480 610 530 ;
RECT 600 190 750 470 ;
RECT 180 530 190 570 ;
RECT 190 540 530 580 ;
RECT 230 530 460 540 ;
RECT 610 490 680 500 ;
RECT 630 530 710 540 ;
RECT 680 470 740 530 ;
RECT 760 190 930 470 ;
RECT 930 140 950 470 ;
