OPERATION M1 C1 M2 C2 M3 C3 M4 C4 M5 C5 SO ;

DATA MERGE M1 ;
POLYGON 908 13 908 120 938 120 938 13 908 13 ;
POLYGON 774 39 774 46 827 46 827 39 774 39 ;
POLYGON 162 457 162 515 836 515 836 457 162 457 ;
POLYGON 0 410 0 509 576 509 576 410 0 410 ;
POLYGON 317 382 317 581 762 581 762 382 317 382 ;
END DATA

DATA CLIPPER C1 ;
POLYGON 377 93 377 278 954 278 954 93 377 93 ;
POLYGON 170 224 170 541 444 541 444 224 170 224 ;
POLYGON 11 106 11 264 47 264 47 106 11 106 ;
POLYGON 35 42 35 498 845 498 845 42 35 42 ;
POLYGON 255 22 255 445 854 445 854 22 255 22 ;
END DATA

DATA MERGE M2 ;
POLYGON 47 162 47 533 621 533 621 162 47 162 ;
POLYGON 762 88 762 304 859 304 859 88 762 88 ;
POLYGON 235 164 235 464 481 464 481 164 235 164 ;
POLYGON 629 163 629 436 731 436 731 163 629 163 ;
POLYGON 343 312 343 333 439 333 439 312 343 312 ;
END DATA

DATA CLIPPER C2 ;
POLYGON 353 153 353 176 934 176 934 153 353 153 ;
POLYGON 270 211 270 407 438 407 438 211 270 211 ;
POLYGON 500 334 500 571 599 571 599 334 500 334 ;
POLYGON 692 123 692 196 992 196 992 123 692 123 ;
POLYGON 267 272 267 407 670 407 670 272 267 272 ;
END DATA

DATA MERGE M3 ;
POLYGON 236 123 236 167 762 167 762 123 236 123 ;
POLYGON 91 26 91 459 489 459 489 26 91 26 ;
POLYGON 108 107 108 437 388 437 388 107 108 107 ;
POLYGON 6 391 6 400 648 400 648 391 6 391 ;
POLYGON 101 234 101 451 746 451 746 234 101 234 ;
END DATA

DATA CLIPPER C3 ;
POLYGON 335 101 335 217 642 217 642 101 335 101 ;
POLYGON 341 214 341 507 343 507 343 214 341 214 ;
POLYGON 780 358 780 421 856 421 856 358 780 358 ;
POLYGON 74 4 74 95 562 95 562 4 74 4 ;
POLYGON 265 236 265 417 489 417 489 236 265 236 ;
END DATA

DATA MERGE M4 ;
POLYGON 371 36 371 563 497 563 497 36 371 36 ;
POLYGON 73 15 73 576 362 576 362 15 73 15 ;
POLYGON 868 112 868 535 913 535 913 112 868 112 ;
POLYGON 263 7 263 527 475 527 475 7 263 7 ;
POLYGON 115 221 115 331 210 331 210 221 115 221 ;
END DATA

DATA CLIPPER C4 ;
POLYGON 66 297 66 456 925 456 925 297 66 297 ;
POLYGON 385 27 385 246 753 246 753 27 385 27 ;
POLYGON 37 285 37 446 134 446 134 285 37 285 ;
POLYGON 485 516 485 591 677 591 677 516 485 516 ;
POLYGON 25 193 25 585 453 585 453 193 25 193 ;
END DATA

DATA MERGE M5 ;
POLYGON 382 407 382 474 646 474 646 407 382 407 ;
POLYGON 339 0 339 14 613 14 613 0 339 0 ;
POLYGON 452 10 452 280 529 280 529 10 452 10 ;
POLYGON 775 215 775 281 981 281 981 215 775 215 ;
POLYGON 167 175 167 311 545 311 545 175 167 175 ;
END DATA

DATA CLIPPER C5 ;
POLYGON 210 89 210 90 898 90 898 89 210 89 ;
POLYGON 580 477 580 483 611 483 611 477 580 477 ;
POLYGON 341 52 341 363 623 363 623 52 341 52 ;
POLYGON 23 1 23 463 385 463 385 1 23 1 ;
POLYGON 87 234 87 499 220 499 220 234 87 234 ;
END DATA

