OPERATION M1 C1 M2 C2 M3 C3 M4 C4 M5 C5 M6 C6 M7 C7 M8 C8 M9 C9 M10 C10 SO ;

DATA MERGE M1 ;
POLYGON 160 80 160 340 800 340 800 80 160 80 ;
POLYGON 460 80 460 360 750 360 750 80 460 80 ;
POLYGON 150 360 150 520 460 520 460 360 150 360 ;
POLYGON 240 350 240 390 690 390 690 350 240 350 ;
POLYGON 700 360 700 430 920 430 920 360 700 360 ;
END DATA

DATA CLIPPER C1 ;
POLYGON 390 140 390 270 780 270 780 140 390 140 ;
POLYGON 10 550 10 580 320 580 320 550 10 550 ;
POLYGON 200 50 200 190 210 190 210 50 200 50 ;
POLYGON 20 130 20 320 490 320 490 130 20 130 ;
POLYGON 170 10 170 300 380 300 380 10 170 10 ;
END DATA

DATA MERGE M2 ;
POLYGON 290 60 290 300 300 300 300 60 290 60 ;
POLYGON 170 280 170 510 990 510 990 280 170 280 ;
POLYGON 130 30 130 180 630 180 630 30 130 30 ;
POLYGON 240 250 240 290 850 290 850 250 240 250 ;
POLYGON 360 40 360 440 780 440 780 40 360 40 ;
END DATA

DATA CLIPPER C2 ;
POLYGON 460 110 460 570 490 570 490 110 460 110 ;
POLYGON 370 230 370 450 970 450 970 230 370 230 ;
POLYGON 390 170 390 340 940 340 940 170 390 170 ;
POLYGON 730 230 730 430 810 430 810 230 730 230 ;
POLYGON 90 360 90 380 960 380 960 360 90 360 ;
END DATA

DATA MERGE M3 ;
POLYGON 20 480 20 500 100 500 100 480 20 480 ;
POLYGON 70 360 70 470 170 470 170 360 70 360 ;
POLYGON 350 80 350 220 520 220 520 80 350 80 ;
POLYGON 20 350 20 430 290 430 290 350 20 350 ;
POLYGON 80 90 80 410 160 410 160 90 80 90 ;
END DATA

DATA CLIPPER C3 ;
POLYGON 240 180 240 360 250 360 250 180 240 180 ;
POLYGON 460 40 460 260 660 260 660 40 460 40 ;
POLYGON 20 220 20 320 350 320 350 220 20 220 ;
POLYGON 530 100 530 330 770 330 770 100 530 100 ;
POLYGON 510 40 510 120 630 120 630 40 510 40 ;
END DATA

DATA MERGE M4 ;
POLYGON 80 40 80 410 220 410 220 40 80 40 ;
POLYGON 410 340 410 450 720 450 720 340 410 340 ;
POLYGON 240 150 240 380 470 380 470 150 240 150 ;
POLYGON 180 310 180 560 370 560 370 310 180 310 ;
POLYGON 860 30 860 200 990 200 990 30 860 30 ;
END DATA

DATA CLIPPER C4 ;
POLYGON 330 300 330 450 640 450 640 300 330 300 ;
POLYGON 310 150 310 550 470 550 470 150 310 150 ;
POLYGON 280 420 280 520 660 520 660 420 280 420 ;
POLYGON 260 280 260 470 560 470 560 280 260 280 ;
POLYGON 320 280 320 350 550 350 550 280 320 280 ;
END DATA

DATA MERGE M5 ;
POLYGON 500 180 500 290 610 290 610 180 500 180 ;
POLYGON 180 130 180 260 890 260 890 130 180 130 ;
POLYGON 330 100 330 290 830 290 830 100 330 100 ;
POLYGON 30 410 30 460 440 460 440 410 30 410 ;
POLYGON 390 500 390 530 400 530 400 500 390 500 ;
END DATA

DATA CLIPPER C5 ;
POLYGON 190 60 190 150 500 150 500 60 190 60 ;
POLYGON 440 30 440 500 770 500 770 30 440 30 ;
POLYGON 380 240 380 590 720 590 720 240 380 240 ;
POLYGON 430 60 430 330 490 330 490 60 430 60 ;
POLYGON 290 100 290 580 760 580 760 100 290 100 ;
END DATA

DATA MERGE M6 ;
POLYGON 120 470 120 580 810 580 810 470 120 470 ;
POLYGON 30 80 30 500 250 500 250 80 30 80 ;
POLYGON 350 20 350 570 510 570 510 20 350 20 ;
POLYGON 30 290 30 310 530 310 530 290 30 290 ;
POLYGON 390 240 390 390 590 390 590 240 390 240 ;
END DATA

DATA CLIPPER C6 ;
POLYGON 680 150 680 350 710 350 710 150 680 150 ;
POLYGON 660 170 660 230 850 230 850 170 660 170 ;
POLYGON 120 350 120 450 270 450 270 350 120 350 ;
POLYGON 430 200 430 550 650 550 650 200 430 200 ;
POLYGON 720 150 720 170 990 170 990 150 720 150 ;
END DATA

DATA MERGE M7 ;
POLYGON 350 250 350 500 870 500 870 250 350 250 ;
POLYGON 10 400 10 430 220 430 220 400 10 400 ;
POLYGON 220 170 220 410 590 410 590 170 220 170 ;
POLYGON 510 260 510 470 930 470 930 260 510 260 ;
POLYGON 190 180 190 340 740 340 740 180 190 180 ;
END DATA

DATA CLIPPER C7 ;
POLYGON 480 140 480 340 990 340 990 140 480 140 ;
POLYGON 160 100 160 310 640 310 640 100 160 100 ;
POLYGON 450 30 450 180 770 180 770 30 450 30 ;
POLYGON 710 300 710 490 950 490 950 300 710 300 ;
POLYGON 130 40 130 170 930 170 930 40 130 40 ;
END DATA

DATA MERGE M8 ;
POLYGON 190 410 190 530 510 530 510 410 190 410 ;
POLYGON 710 160 710 500 940 500 940 160 710 160 ;
POLYGON 130 110 130 120 420 120 420 110 130 110 ;
POLYGON 620 130 620 550 960 550 960 130 620 130 ;
POLYGON 530 90 530 360 590 360 590 90 530 90 ;
END DATA

DATA CLIPPER C8 ;
POLYGON 160 390 160 450 530 450 530 390 160 390 ;
POLYGON 0 200 0 330 70 330 70 200 0 200 ;
POLYGON 240 400 240 560 820 560 820 400 240 400 ;
POLYGON 110 40 110 590 120 590 120 40 110 40 ;
POLYGON 290 410 290 550 770 550 770 410 290 410 ;
END DATA

DATA MERGE M9 ;
POLYGON 480 40 480 420 630 420 630 40 480 40 ;
POLYGON 160 210 160 440 740 440 740 210 160 210 ;
POLYGON 130 330 130 480 790 480 790 330 130 330 ;
POLYGON 220 110 220 410 240 410 240 110 220 110 ;
POLYGON 520 80 520 460 900 460 900 80 520 80 ;
END DATA

DATA CLIPPER C9 ;
POLYGON 220 220 220 320 230 320 230 220 220 220 ;
POLYGON 370 200 370 570 450 570 450 200 370 200 ;
POLYGON 420 20 420 550 900 550 900 20 420 20 ;
POLYGON 220 180 220 240 360 240 360 180 220 180 ;
POLYGON 590 250 590 380 870 380 870 250 590 250 ;
END DATA

DATA MERGE M10 ;
POLYGON 740 170 740 440 970 440 970 170 740 170 ;
POLYGON 880 160 880 520 960 520 960 160 880 160 ;
POLYGON 350 20 350 250 430 250 430 20 350 20 ;
POLYGON 360 230 360 520 410 520 410 230 360 230 ;
POLYGON 640 130 640 290 960 290 960 130 640 130 ;
END DATA

DATA CLIPPER C10 ;
POLYGON 810 280 810 530 920 530 920 280 810 280 ;
POLYGON 670 100 670 340 790 340 790 100 670 100 ;
POLYGON 80 160 80 400 850 400 850 160 80 160 ;
POLYGON 150 240 150 370 870 370 870 240 150 240 ;
POLYGON 0 180 0 290 400 290 400 180 0 180 ;
END DATA

